4,mirrored
3.063,0.242,0.391,1.538,2.201
2.989,0.263,0.421,1.463,2.224
3.33,0.332,0.403,1.215,1.997
3.081,0.274,0.338,1.388,2.076
3.189,0.225,0.299,1.775,2.362
3.155,0.205,0.287,1.704,2.234
3.129,0.263,0.293,1.611,2.199
3.046,0.276,0.312,1.52,2.167
3.111,0.225,0.299,1.135,1.688
3.929,0.218,0.277,1.145,1.681


4,conventional:
2.351,0.192,,1.505,2.73
2.988,0.203,,2.183,2.419
2.958,0.171,,1.601,1.797
3.249,0.176,,1.362,1.566
3.354,0.243,,2.028,2.33
3.56,0.76,,2.281,2.066
3.029,0.284,,1.573,1.903
3.44,0.181,,3.199,2.423
2.951,0.19,,1.448,1.685
3.707,0.171,,1.85,2.078

4,distributed:
3.464,0.297,0.459,1.165,1.948
2.955,0.347,0.287,1.697,2.364
4.052,0.308,0.311,1.663,2.392
2.948,0.351,0.317,1.134,1.834
2.941,0.362,0.315,1.457,2.186
3.19,0.356,0.44,1.85,2.672
3.016,0.277,0.45,2.144,2.894
3.225,0.363,0.309,1.706,2.426
3.823,0.254,0.329,1.643,2.256
3.357,0.305,0.302,1.846,2.501

4,centralized:
3.465,0.184,,1.762,1.983
2.899,0.19,,1.343,1.578
3.144,0.133,,1.095,1.26
3.186,0.166,,0.994,1.194
3.109,0.181,,1.011,1.22
3.367,0.212,,1.541,1.825
2.987,0.259,,1.336,1.658
3.407,0.293,,1.121,1.512
3.163,0.21,,1.195,1.452
3.169,0.155,,1.137,1.317

--------------------------------------------------------------------------

6,centralized:
3.002,0.195,,1.163,2.41
3.472,0.16,,1.972,1.16
3.161,0.173,,1.195,1.414
3.205,0.206,,1.012,1.243
3.015,0.222,,1.128,1.417
3.192,0.173,,1.091,1.317
3.233,0.187,,1.58,1.819
3.675,0.188,,1.171,1.412
3.329,0.219,,1.033,1.406
3.839,0.196,,1.847,2.103


6,distributed:
3.609,0.357,0.394,1.432,2.236
4.145,0.422,0.353,1.872,2.687
3.669,0.419,0.326,2.238,3.011
3.863,0.348,0.717,1.357,2.469
3.52,0.433,0.538,1.353,2.368
3.56,0.35,0.344,1.688,2.437
3.078,0.369,0.382,1.809,2.592
3.057,0.48,0.573,1.369,2.456
3.987,0.37,0.3,1.571,2.289
3.043,0.329,0.312,1.897,2.628

6,conventional:
3.215,0.258,,1.972,2.255
3.758,0.215,,1.737,2.001
3.345,0.264,,1.326,1.634
3.401,0.201,,2.563,2.798
3.014,0.239,,1.493,1.757
3.121,0.225,,1.599,1.869
3.263,0.174,,1.337,1.54
3.124,0.171,,1.42,1.627
3.279,0.165,,1.34,1.538
2.976,0.486,,1.523,2.031



6,mirrored:
3.546,0.35,0.598,2.009,2.988
3.109,0.37,0.345,1.403,2.149
3.0,0.286,0.355,1.379,2.051
3.206,0.271,0.327,1.338,1.967
4.017,0.229,0.311,1.301,1.884
3.186,0.253,0.283,2.179,1.767
2.931,0.293,0.612,1.385,2.333
3.084,0.24,0.29,1.173,1.731
3.173,0.268,0.32,1.144,1.765
2.986,0.264,0.324,1.165,1.788

--------------------------------------------------------------------------

8,mirrored:
3.292,0.314,1.012,2.287,3.652
3.255,0.282,0.31,1.553,2.208
3.496,0.406,0.309,1.869,2.646
4.077,0.414,0.382,1.259,2.093
3.826,0.308,0.302,1.247,1.907
4.289,0.338,0.344,1.203,1.915
4.079,0.304,0.322,1.978,2.628
3.729,0.253,0.28,1.171,1.752
3.266,0.3,0.346,1.21,1.908
3.491,0.366,0.353,1.516,2.309



8,conventional:
3.489,0.25,,1.638,1.918
3.114,0.189,,1.506,1.742
3.216,0.234,,1.433,1.74
3.281,0.217,,1.644,1.891
3.324,0.259,,1.41,1.731
3.383,0.194,,1.532,1.752
3.051,0.16,,2.053,2.295
3.17,0.205,,1.444,1.71
3.101,0.223,,1.708,2.016
3.466,0.195,,1.693,1.913


8,distributed:
3.802,0.356,0.719,1.945,3.05
3.082,0.502,0.32,1.502,2.374
3.122,0.337,0.376,1.687,2.429
3.209,0.458,0.335,1.801,2.714
3.662,0.527,0.303,1.652,2.539
2.934,0.423,0.282,2.026,2.775
3.145,0.499,0.321,2.28,2.155
3.97,0.455,0.314,2.106,1.946
3.18,0.445,0.421,2.052,2.979
3.197,0.471,0.278,2.937,2.735


8,centralized:
3.794,0.182,,1.312,1.544
3.459,0.255,,1.19,1.56
3.271,0.165,,1.012,1.205
3.212,0.152,,1.16,1.357
3.182,0.176,,1.02,1.226
3.251,0.16,,1.098,1.301
3.071,0.184,,1.258,1.476
3.395,0.19,,0.951,1.159
4.263,0.188,,1.248,1.459
3.37,0.188,,1.227,1.498

--------------------------------------------------------------------------


10,centralized:
3.977,0.226,,1.432,1.688
3.551,0.157,,1.604,1.794
3.228,0.349,,1.243,1.616
3.451,0.193,,1.093,1.338
3.728,0.202,,1.11,1.4
3.389,0.171,,1.4,1.637
3.981,0.169,,1.392,1.588
3.783,0.155,,1.066,1.271
3.848,0.273,,1.848,2.16
3.229,0.156,,1.111,1.298



10,distributed:
4.435,0.675,0.451,1.439,2.683
3.946,0.53,0.611,2.171,3.35
3.779,0.79,0.323,1.57,2.744
3.091,0.438,0.758,1.783,3.01
4.288,0.524,0.333,1.486,2.386
3.803,0.614,0.344,2.011,3.103
3.532,0.597,0.331,1.77,2.741
4.532,0.645,0.398,2.295,2.381
3.619,0.432,0.297,1.603,2.379
3.418,0.568,0.533,1.95,3.089



10,conventional:
3.246,0.298,,2.744,3.091
3.677,0.211,,1.817,2.055
3.316,0.291,,1.564,1.886
3.243,0.217,,1.5,1.749
3.319,0.242,,1.91,2.201
3.845,0.203,,1.571,1.801
3.227,0.192,,2.007,2.246
3.516,0.204,,3.506,3.732
3.415,0.521,,2.052,2.67
4.335,0.29,,1.696,2.538


10,mirrored:
3.672,0.732,1.232,1.57,3.565
3.501,0.336,0.307,1.539,2.211
3.567,0.262,0.347,1.278,1.92
2.966,0.785,0.327,1.639,2.793
3.712,0.28,0.344,1.884,2.548
4.269,0.363,0.303,1.065,2.755
4.271,0.281,0.299,1.027,2.706
3.331,0.288,0.301,1.482,2.095
4.201,0.3,0.307,1.766,2.443
3.426,0.29,0.305,1.901,2.529
